2395
3173
2252
4082
3065
3528
2684
2812
2548
2827
2376
2610
4171
2012
3734
4363
3293
3229
2121
4752
2608
3276
4698
2027
2567
2472
3464
3520
2669
3658
3345
2228
2983
3013
3344
3088
3596
2959
2302
3606
3271
2540
2755
2308
2598
3646
2039
3268
4691
3275
3313
3760
2875
3830
2785
2609
3676
3239
2917
4179
3508
4792
2025
2640
3294
4642
3326
2073
3069
4055
3021
3728
3375
2924
3876
2038
4611
2086
2431
3267
2858
2806
3121
3155
2177
3355
4675
2631
2485
4114
4822
3515
4181
3567
3750
3694
3252
2678
3205
4347
2060
2944
4149
3551
4868
3804
3435
3080
2619
2418
2970
4358
2832
3447
2110
3586
2568
2229
3233
3503
4099
3381
3353
2373
2615
4336
3095
2652
4174
2676
3093
2386
3364
4707
3543
2915
3059
3303
2514
2304
2078
2295
3597
2870
2511
3108
3360
2793
2180
3035
2734
2354
2792
2122
3709
2840
3377
2898
2436
2040
4917
3018
4079
2190
4726
3216
3272
3288
2887
3254
3448
2041
4151
2830
4928
3768
3242
3565
2178
3587
2405
2130
2800
3367
3680
3041
4038
4376
2866
3201
2967
3369
3838
3469
2300
3052
2434
2488
2602
2477
2868
3796
3281
2773
2389
2205
4565
2093
3151
4166
2085
3215
3898
2679
2788
4362
3025
2370
3062
2851
2379
2067
4646
2355
2996
3291
4655
2249
2452
2301
4023
3191
2368
3453
3628
3081
3979
3946
2627
3639
2913
3467
4723
3417
3666
4165
4319
4605
2437
3327
3821
3286
4356
2675
3138
3082
3675
3535
4379
2587
4519
4077
4022
3457
2347
3735
4321
2105
2611
3657
2647
4316
3279
3887
3862
2336
3386
3399
4353
3055
3387
3167
3090
4603
3361
4659
2559
4572
2505
3097
2316
3994
3524
3797
2534
3174
2579
2628
3419
4320
2854
2248
4366
3320
4168
4123
2455
2733
3221
3342
2435
2761
2603
2461
3170
2622
2439
4130
3280
2897
2818
3985
3188
3663
3801
2094
3539
4133
2667
3408
2672
3517
3925
2954
3115
2837
4153
4814
2709
2235
2465
3140
4329
3405
2562
3325
3699
3086
3389
2171
4033
2024
4345
3580
2323
3813
2877
3113
4834
4660
2090
2445
2065
2630
2874
3443
2102
2965
3251
2876
4902
3051
4765
3238
3087
3993
2549
2424
4103
3455
3225
4890
2998
3691
3692
3420
4154
4831
3745
3290
3756
3688
2752
3135
3039
2565
4802
2234
2842
2501
3754
3926
2432
4050
2032
4626
3296
2638
3075
4113
3660
3781
2692
2826
3711
2884
2051
2909
3266
2168
2962
3049
3497
3214
4064
2393
2889
2558
2387
2362
3696
3716
3513
3427
2226
3636
3463
3219
2407
3015
2989
3099
4314
3707
2344
3034
3406
3190
3720
3046
2446
4682
3518
2015
3425
3825
3085
2960
4886
3595
4325
3561
2111
3383
2380
2490
2723
3686
3845
2784
3120
2658
2237
2433
4036
3311
3573
3504
2756
3736
3424
3409
2663
2710
2005
3175
2945
2707
3206
4002
3788
2969
3908
3421
3530
2689
3952
4812
2953
2719
3104
3607
4080
3346
2847
2486
3161
3133
4483
3454
4709
2604
4049
2896
3111
3001
3638
2803
2999
3247
3917
2838
3228
2450
3521
2071
3902
2932
3107
3324
2821
4716
2185
3870
2772
2479
4327
2062
4630
2711
2820
3040
2492
3054
2888
4877
2623
4735
2956
2776
2451
2957
2448
2423
3747
3283
4720
3195
4013
2283
3362
3855
3384
3506
2835
4770
2849
2104
4666
2724
2382
3230
3557
2092
3171
2383
3403
3852
3591
3196
2991
3184
3011
2421
2617
3315
2339
2010
2109
4703
3769
3496
2125
2599
3076
3102
3727
3310
3397
2797
3450
2519
2653
2634
2399
3186
3514
2290
2303
2620
2285
3359
2693
4127
3363
2020
2151
3971
2708
3426
3169
4152
3703
2661
2586
3693
2819
4733
3633
3798
3159
2197
2275
3200
4785
2022
2191
3527
2703
3328
2340
2926
2575
3725
3449
4072
2616
4619
3136
3231
3349
2232
3282
2101
3245
4880
2589
2309
2942
2566
3373
3246
4340
2467
3105
3723
4927
3150
4649
3232
3828
2154
2736
4548
3956
3168
3227
4360
2690
4051
2397
3074
2335
3354
4858
3776
3414
4008
4728
3029
3615
4318
2910
2883
2426
4101
2934
3068
4071
4618
2429
2570
3784
3533
2260
2035
3751
3166
4643
3962
4622
3802
3921
3012
4936
3042
4074
2460
2366
3019
3158
2478
2594
2293
3662
3473
2163
2266
2632
2139
3476
3050
4311
2828
2265
2476
2950
4364
4048
3624
2584
3057
3223
3208
4908
4759
2526
4342
3365
4725
2571
3118
4108
2774
3809
2079
4026
2181
4644
4774
3431
2019
2539
2557
3236
2053
2789
2593
2313
3023
4004
3003
2871
3334
3368
2930
3445
2495
4840
3537
4799
4736
2521
4184
2982
3265
3850
3144
2621
3181
4697
3061
3352
2334
2325
3563
4859
4334
3697
3073
3491
2241
2227
4148
2155
2576
2716
3681
3743
4346
3883
2844
4092
2546
2095
4333
3332
2006
2759
3523
4681
2702
3250
2524
4382
3143
2018
4032
2743
3841
3235
4826
2554
2061
4109
3570
2331
3968
2457
4349
2645
4796
3460
3659
3803
3142
3083
4167
3148
2662
4056
4378
2984
3300
2981
2342
3156
3665
3304
3936
3038
3004
3549
4078
2768
4384
2794
2372
3154
2968
3439
3509
2767
3487
4028
2753
2441
2499
3129
2413
3226
3030
2253
2365
2893
3458
3234
2406
3541
2597
4856
4060
2244
3146
3398
3451
3550
2466
4157
2726
3942
3774
2751
2028
3189
3009
3763
4102
4608
3047
3002
2469
2160
2175
3773
2442
2131
2504
2648
3016
3077
3182
2124
2545
